example

TrainDatabasePath =

..\LDAIMAGES\Change\ss_resize

Database, T:

T =

   112   195   108   198   127   112   112   112   195   108   198   127
   101   199    52   209   110   101   101   101   199    52   209   110
    96   200    29   215   102    96    96    96   200    29   215   102
    97   197    43   219   101    97    97    97   197    43   219   101
    98   194    93   219   109    98    98    98   194    93   219   109
    98   183    94   216   108    98    98    98   183    94   216   108
   110   167    53   206   117   110   110   110   167    53   206   117
   114   223    69   218   134   114   114   114   223    69   218   134
   104   220    27   219   111   104   104   104   220    27   219   111
    83   198    62   214    93    83    83    83   198    62   214    93
    66   133   111   206    80    66    66    66   133   111   206    80
    66   161    78   226    91    66    66    66   161    78   226    91
   103   199    36   229   114   103   103   103   199    36   229   114
   117   194    55   232   124   117   117   117   194    55   232   124
   117   237    32   223   136   117   117   117   237    32   223   136
    97   233    90   141    90    97    97    97   233    90   141    90
    49    86   144    56    82    49    49    49    86   144    56    82
    63    58   162    51    97    63    63    63    58   162    51    97
    50    64   126   114    95    50    50    50    64   126   114    95
    70   121    40   210    88    70    70    70   121    40   210    88
   124   206    47   236   127   124   124   124   206    47   236   127
   119   248    29   213   140   119   119   119   248    29   213   140
    82   244    96    59    84    82    82    82   244    96    59    84
   110    76   146    97   121   110   110   110    76   146    97   121
   168    82   141   112   150   168   168   168    82   141   112   150
   118    71   114    85   130   118   118   118    71   114    85   130
    58   111    37   100    85    58    58    58   111    37   100    85
   119   213    29   239   128   119   119   119   213    29   239   128
   122   251    59   207   135   122   122   122   251    59   207   135
    94   251    28    59   111    94    94    94   251    28    59   111
   109   101    79    91   131   109   109   109   101    79    91   131
   119    68    46   114   125   119   119   119    68    46   114   125
   129    63    74    81   129   129   129   129    63    74    81   129
    78   143    77    72    90    78    78    78   143    77    72    90
    97   216    67   240   114    97    97    97   216    67   240   114
   122   252   114   230   131   122   122   122   252   114   230   131
   110   251    68    92   114   110   110   110   251    68    92   114
   105   190    99   112   133   105   105   105   190    99   112   133
   124    60   103   105   120   124   124   124    60   103   105   120
   127    63    82    94   130   127   127   127    63    82    94   130
    66   174    97   159    84    66    66    66   174    97   159    84
    93   220    72   246   104    93    93    93   220    72   246   104
   120   120   161   231   135   120   120   120   120   161   231   135
   107    85    54   169   129   107   107   107    85    54   169   129
   102    94    52    87   117   102   102   102    94    52    87   117
   120    60    70    84   120   120   120   120    60    70    84   120
   114    66    61    94   112   114   114   114    66    61    94   112
    70   112   112   231    61    70    70    70   112   112   231    61
   111   118    71   249   115   111   111   111   118    71   249   115
   121    75   156   234   218   121   121   121    75   156   234   218
   141    74    93   209   215   141   141   141    74    93   209   215
   193    85    66    79   160   193   193   193    85    66    79   160
   143    77    79    77   137   143   143   143    77    79    77   137
   136    71    74    90   147   136   136   136    71    74    90   147
   167    89   126   212   179   167   167   167    89   126   212   179
   162    92    73   250   177   162   162   162    92    73   250   177
   208    68    96   167   241   208   208   208    68    96   167   241
   247    71    87   122   222   247   247   247    71    87   122   222
   239    75    39    82   206   239   239   239    75    39    82   206
   208    88    32    78   166   208   208   208    88    32    78   166
   183    96    78    78   196   183   183   183    96    78    78   196
   241    74   152   138   216   241   241   241    74   152   138   216
   249    74   123   137   241   249   249   249    74   123   137   241
   254    58    72    94   237   254   254   254    58    72    94   237
   252    71   101   119   215   252   252   252    71   101   119   215
   253    64    50    94   202   253   253   253    64    50    94   202
   252    73    36    66   213   252   252   252    73    36    66   213
   246    76    45    95   209   246   246   246    76    45    95   209
   251    64   147   116   212   251   251   251    64   147   116   212
   254    69    97    90   234   254   254   254    69    97    90   234


m_database =

  142.0000
  128.6667
  123.0000
  125.6667
  135.1667
  132.8333
  127.1667
  145.3333
  130.8333
  122.1667
  110.3333
  114.6667
  130.6667
  139.8333
  143.6667
  124.6667
   77.6667
   82.3333
   83.1667
   99.8333
  144.0000
  144.6667
  107.8333
  110.0000
  136.8333
  106.0000
   74.8333
  141.1667
  149.3333
  106.1667
  103.3333
   98.5000
  100.8333
   89.6667
  138.5000
  161.8333
  124.1667
  124.0000
  106.0000
  103.8333
  107.6667
  138.0000
  147.8333
  108.5000
   92.3333
   95.6667
   93.5000
  109.3333
  129.1667
  154.1667
  145.5000
  129.3333
  109.3333
  109.0000
  156.6667
  152.6667
  164.6667
  166.0000
  146.6667
  130.0000
  135.6667
  177.0000
  178.8333
  161.5000
  168.3333
  152.6667
  148.6667
  152.8333
  173.5000
  166.3333


A =

  Columns 1 through 10

  -30.0000   53.0000  -34.0000   56.0000  -15.0000  -30.0000  -30.0000  -30.0000   53.0000  -34.0000
  -27.6667   70.3333  -76.6667   80.3333  -18.6667  -27.6667  -27.6667  -27.6667   70.3333  -76.6667
  -27.0000   77.0000  -94.0000   92.0000  -21.0000  -27.0000  -27.0000  -27.0000   77.0000  -94.0000
  -28.6667   71.3333  -82.6667   93.3333  -24.6667  -28.6667  -28.6667  -28.6667   71.3333  -82.6667
  -37.1667   58.8333  -42.1667   83.8333  -26.1667  -37.1667  -37.1667  -37.1667   58.8333  -42.1667
  -34.8333   50.1667  -38.8333   83.1667  -24.8333  -34.8333  -34.8333  -34.8333   50.1667  -38.8333
  -17.1667   39.8333  -74.1667   78.8333  -10.1667  -17.1667  -17.1667  -17.1667   39.8333  -74.1667
  -31.3333   77.6667  -76.3333   72.6667  -11.3333  -31.3333  -31.3333  -31.3333   77.6667  -76.3333
  -26.8333   89.1667 -103.8333   88.1667  -19.8333  -26.8333  -26.8333  -26.8333   89.1667 -103.8333
  -39.1667   75.8333  -60.1667   91.8333  -29.1667  -39.1667  -39.1667  -39.1667   75.8333  -60.1667
  -44.3333   22.6667    0.6667   95.6667  -30.3333  -44.3333  -44.3333  -44.3333   22.6667    0.6667
  -48.6667   46.3333  -36.6667  111.3333  -23.6667  -48.6667  -48.6667  -48.6667   46.3333  -36.6667
  -27.6667   68.3333  -94.6667   98.3333  -16.6667  -27.6667  -27.6667  -27.6667   68.3333  -94.6667
  -22.8333   54.1667  -84.8333   92.1667  -15.8333  -22.8333  -22.8333  -22.8333   54.1667  -84.8333
  -26.6667   93.3333 -111.6667   79.3333   -7.6667  -26.6667  -26.6667  -26.6667   93.3333 -111.6667
  -27.6667  108.3333  -34.6667   16.3333  -34.6667  -27.6667  -27.6667  -27.6667  108.3333  -34.6667
  -28.6667    8.3333   66.3333  -21.6667    4.3333  -28.6667  -28.6667  -28.6667    8.3333   66.3333
  -19.3333  -24.3333   79.6667  -31.3333   14.6667  -19.3333  -19.3333  -19.3333  -24.3333   79.6667
  -33.1667  -19.1667   42.8333   30.8333   11.8333  -33.1667  -33.1667  -33.1667  -19.1667   42.8333
  -29.8333   21.1667  -59.8333  110.1667  -11.8333  -29.8333  -29.8333  -29.8333   21.1667  -59.8333
  -20.0000   62.0000  -97.0000   92.0000  -17.0000  -20.0000  -20.0000  -20.0000   62.0000  -97.0000
  -25.6667  103.3333 -115.6667   68.3333   -4.6667  -25.6667  -25.6667  -25.6667  103.3333 -115.6667
  -25.8333  136.1667  -11.8333  -48.8333  -23.8333  -25.8333  -25.8333  -25.8333  136.1667  -11.8333
         0  -34.0000   36.0000  -13.0000   11.0000         0         0         0  -34.0000   36.0000
   31.1667  -54.8333    4.1667  -24.8333   13.1667   31.1667   31.1667   31.1667  -54.8333    4.1667
   12.0000  -35.0000    8.0000  -21.0000   24.0000   12.0000   12.0000   12.0000  -35.0000    8.0000
  -16.8333   36.1667  -37.8333   25.1667   10.1667  -16.8333  -16.8333  -16.8333   36.1667  -37.8333
  -22.1667   71.8333 -112.1667   97.8333  -13.1667  -22.1667  -22.1667  -22.1667   71.8333 -112.1667
  -27.3333  101.6667  -90.3333   57.6667  -14.3333  -27.3333  -27.3333  -27.3333  101.6667  -90.3333
  -12.1667  144.8333  -78.1667  -47.1667    4.8333  -12.1667  -12.1667  -12.1667  144.8333  -78.1667
    5.6667   -2.3333  -24.3333  -12.3333   27.6667    5.6667    5.6667    5.6667   -2.3333  -24.3333
   20.5000  -30.5000  -52.5000   15.5000   26.5000   20.5000   20.5000   20.5000  -30.5000  -52.5000
   28.1667  -37.8333  -26.8333  -19.8333   28.1667   28.1667   28.1667   28.1667  -37.8333  -26.8333
  -11.6667   53.3333  -12.6667  -17.6667    0.3333  -11.6667  -11.6667  -11.6667   53.3333  -12.6667
  -41.5000   77.5000  -71.5000  101.5000  -24.5000  -41.5000  -41.5000  -41.5000   77.5000  -71.5000
  -39.8333   90.1667  -47.8333   68.1667  -30.8333  -39.8333  -39.8333  -39.8333   90.1667  -47.8333
  -14.1667  126.8333  -56.1667  -32.1667  -10.1667  -14.1667  -14.1667  -14.1667  126.8333  -56.1667
  -19.0000   66.0000  -25.0000  -12.0000    9.0000  -19.0000  -19.0000  -19.0000   66.0000  -25.0000
   18.0000  -46.0000   -3.0000   -1.0000   14.0000   18.0000   18.0000   18.0000  -46.0000   -3.0000
   23.1667  -40.8333  -21.8333   -9.8333   26.1667   23.1667   23.1667   23.1667  -40.8333  -21.8333
  -41.6667   66.3333  -10.6667   51.3333  -23.6667  -41.6667  -41.6667  -41.6667   66.3333  -10.6667
  -45.0000   82.0000  -66.0000  108.0000  -34.0000  -45.0000  -45.0000  -45.0000   82.0000  -66.0000
  -27.8333  -27.8333   13.1667   83.1667  -12.8333  -27.8333  -27.8333  -27.8333  -27.8333   13.1667
   -1.5000  -23.5000  -54.5000   60.5000   20.5000   -1.5000   -1.5000   -1.5000  -23.5000  -54.5000
    9.6667    1.6667  -40.3333   -5.3333   24.6667    9.6667    9.6667    9.6667    1.6667  -40.3333
   24.3333  -35.6667  -25.6667  -11.6667   24.3333   24.3333   24.3333   24.3333  -35.6667  -25.6667
   20.5000  -27.5000  -32.5000    0.5000   18.5000   20.5000   20.5000   20.5000  -27.5000  -32.5000
  -39.3333    2.6667    2.6667  121.6667  -48.3333  -39.3333  -39.3333  -39.3333    2.6667    2.6667
  -18.1667  -11.1667  -58.1667  119.8333  -14.1667  -18.1667  -18.1667  -18.1667  -11.1667  -58.1667
  -33.1667  -79.1667    1.8333   79.8333   63.8333  -33.1667  -33.1667  -33.1667  -79.1667    1.8333
   -4.5000  -71.5000  -52.5000   63.5000   69.5000   -4.5000   -4.5000   -4.5000  -71.5000  -52.5000
   63.6667  -44.3333  -63.3333  -50.3333   30.6667   63.6667   63.6667   63.6667  -44.3333  -63.3333
   33.6667  -32.3333  -30.3333  -32.3333   27.6667   33.6667   33.6667   33.6667  -32.3333  -30.3333
   27.0000  -38.0000  -35.0000  -19.0000   38.0000   27.0000   27.0000   27.0000  -38.0000  -35.0000
   10.3333  -67.6667  -30.6667   55.3333   22.3333   10.3333   10.3333   10.3333  -67.6667  -30.6667
    9.3333  -60.6667  -79.6667   97.3333   24.3333    9.3333    9.3333    9.3333  -60.6667  -79.6667
   43.3333  -96.6667  -68.6667    2.3333   76.3333   43.3333   43.3333   43.3333  -96.6667  -68.6667
   81.0000  -95.0000  -79.0000  -44.0000   56.0000   81.0000   81.0000   81.0000  -95.0000  -79.0000
   92.3333  -71.6667 -107.6667  -64.6667   59.3333   92.3333   92.3333   92.3333  -71.6667 -107.6667
   78.0000  -42.0000  -98.0000  -52.0000   36.0000   78.0000   78.0000   78.0000  -42.0000  -98.0000
   47.3333  -39.6667  -57.6667  -57.6667   60.3333   47.3333   47.3333   47.3333  -39.6667  -57.6667
   64.0000 -103.0000  -25.0000  -39.0000   39.0000   64.0000   64.0000   64.0000 -103.0000  -25.0000
   70.1667 -104.8333  -55.8333  -41.8333   62.1667   70.1667   70.1667   70.1667 -104.8333  -55.8333
   92.5000 -103.5000  -89.5000  -67.5000   75.5000   92.5000   92.5000   92.5000 -103.5000  -89.5000
   83.6667  -97.3333  -67.3333  -49.3333   46.6667   83.6667   83.6667   83.6667  -97.3333  -67.3333
  100.3333  -88.6667 -102.6667  -58.6667   49.3333  100.3333  100.3333  100.3333  -88.6667 -102.6667
  103.3333  -75.6667 -112.6667  -82.6667   64.3333  103.3333  103.3333  103.3333  -75.6667 -112.6667
   93.1667  -76.8333 -107.8333  -57.8333   56.1667   93.1667   93.1667   93.1667  -76.8333 -107.8333
   77.5000 -109.5000  -26.5000  -57.5000   38.5000   77.5000   77.5000   77.5000 -109.5000  -26.5000
   87.6667  -97.3333  -69.3333  -76.3333   67.6667   87.6667   87.6667   87.6667  -97.3333  -69.3333

  Columns 11 through 12

   56.0000  -15.0000
   80.3333  -18.6667
   92.0000  -21.0000
   93.3333  -24.6667
   83.8333  -26.1667
   83.1667  -24.8333
   78.8333  -10.1667
   72.6667  -11.3333
   88.1667  -19.8333
   91.8333  -29.1667
   95.6667  -30.3333
  111.3333  -23.6667
   98.3333  -16.6667
   92.1667  -15.8333
   79.3333   -7.6667
   16.3333  -34.6667
  -21.6667    4.3333
  -31.3333   14.6667
   30.8333   11.8333
  110.1667  -11.8333
   92.0000  -17.0000
   68.3333   -4.6667
  -48.8333  -23.8333
  -13.0000   11.0000
  -24.8333   13.1667
  -21.0000   24.0000
   25.1667   10.1667
   97.8333  -13.1667
   57.6667  -14.3333
  -47.1667    4.8333
  -12.3333   27.6667
   15.5000   26.5000
  -19.8333   28.1667
  -17.6667    0.3333
  101.5000  -24.5000
   68.1667  -30.8333
  -32.1667  -10.1667
  -12.0000    9.0000
   -1.0000   14.0000
   -9.8333   26.1667
   51.3333  -23.6667
  108.0000  -34.0000
   83.1667  -12.8333
   60.5000   20.5000
   -5.3333   24.6667
  -11.6667   24.3333
    0.5000   18.5000
  121.6667  -48.3333
  119.8333  -14.1667
   79.8333   63.8333
   63.5000   69.5000
  -50.3333   30.6667
  -32.3333   27.6667
  -19.0000   38.0000
   55.3333   22.3333
   97.3333   24.3333
    2.3333   76.3333
  -44.0000   56.0000
  -64.6667   59.3333
  -52.0000   36.0000
  -57.6667   60.3333
  -39.0000   39.0000
  -41.8333   62.1667
  -67.5000   75.5000
  -49.3333   46.6667
  -58.6667   49.3333
  -82.6667   64.3333
  -57.8333   56.1667
  -57.5000   38.5000
  -76.3333   67.6667


L =

   1.0e+05 *

  Columns 1 through 10

    1.3798   -1.6838   -0.5103   -1.4429    0.8774    1.3798    1.3798    1.3798   -1.6838   -0.5103
   -1.6838    3.4636   -0.4380    1.6446   -1.3025   -1.6838   -1.6838   -1.6838    3.4636   -0.4380
   -0.5103   -0.4380    2.9022   -0.9950   -0.4486   -0.5103   -0.5103   -0.5103   -0.4380    2.9022
   -1.4429    1.6446   -0.9950    3.0530   -0.8168   -1.4429   -1.4429   -1.4429    1.6446   -0.9950
    0.8774   -1.3025   -0.4486   -0.8168    0.8131    0.8774    0.8774    0.8774   -1.3025   -0.4486
    1.3798   -1.6838   -0.5103   -1.4429    0.8774    1.3798    1.3798    1.3798   -1.6838   -0.5103
    1.3798   -1.6838   -0.5103   -1.4429    0.8774    1.3798    1.3798    1.3798   -1.6838   -0.5103
    1.3798   -1.6838   -0.5103   -1.4429    0.8774    1.3798    1.3798    1.3798   -1.6838   -0.5103
   -1.6838    3.4636   -0.4380    1.6446   -1.3025   -1.6838   -1.6838   -1.6838    3.4636   -0.4380
   -0.5103   -0.4380    2.9022   -0.9950   -0.4486   -0.5103   -0.5103   -0.5103   -0.4380    2.9022
   -1.4429    1.6446   -0.9950    3.0530   -0.8168   -1.4429   -1.4429   -1.4429    1.6446   -0.9950
    0.8774   -1.3025   -0.4486   -0.8168    0.8131    0.8774    0.8774    0.8774   -1.3025   -0.4486

  Columns 11 through 12

   -1.4429    0.8774
    1.6446   -1.3025
   -0.9950   -0.4486
    3.0530   -0.8168
   -0.8168    0.8131
   -1.4429    0.8774
   -1.4429    0.8774
   -1.4429    0.8774
    1.6446   -1.3025
   -0.9950   -0.4486
    3.0530   -0.8168
   -0.8168    0.8131


V =

  Columns 1 through 10

   -0.2755    0.1493   -0.2410    0.6287    0.4815    0.0657   -0.2021   -0.0692    0.2492   -0.0866
   -0.4171    0.0630   -0.4243   -0.0551   -0.0491   -0.2062    0.3992   -0.1343   -0.0336   -0.4879
    0.0221    0.2149    0.0461    0.0870    0.0579   -0.7064   -0.1289   -0.0894    0.0285    0.1385
   -0.3235   -0.3735   -0.2656   -0.0976   -0.0651   -0.1958   -0.4642    0.0327    0.1084    0.4749
   -0.4562    0.0472    0.2191    0.0674    0.0460   -0.1708    0.0640    0.5339   -0.6017    0.0477
   -0.2779    0.3011    0.0859   -0.7231    0.3205   -0.0544   -0.1528   -0.0787    0.2492   -0.0866
   -0.2684    0.2607    0.0847    0.1445   -0.7956   -0.0510   -0.1535   -0.0786    0.2492   -0.0866
   -0.1256   -0.6553    0.3539    0.0478    0.0583   -0.3247    0.3379   -0.1939    0.2492   -0.0866
   -0.0566   -0.0351    0.5660    0.1041    0.0815    0.0240   -0.4845   -0.0759   -0.0336   -0.4879
   -0.4958   -0.1870    0.0957   -0.0381   -0.0256    0.5242    0.0437   -0.1208    0.0285    0.1385
   -0.1502    0.4014    0.4073    0.1466    0.0975    0.0136    0.3789   -0.2429    0.1084    0.4749
   -0.0175   -0.0193   -0.0774   -0.0185   -0.0137   -0.0114   -0.1492   -0.7441   -0.6017    0.0477

  Columns 11 through 12

    0.1408    0.2779
   -0.0008   -0.4213
   -0.6288    0.0363
    0.2212   -0.3612
    0.1267    0.1904
    0.1408    0.2779
    0.1408    0.2779
    0.1408    0.2779
   -0.0008   -0.4213
   -0.6288    0.0363
    0.2212   -0.3612
    0.1267    0.1904


D =

   1.0e+06 *

  Columns 1 through 10

   -0.0000         0         0         0         0         0         0         0         0         0
         0   -0.0000         0         0         0         0         0         0         0         0
         0         0   -0.0000         0         0         0         0         0         0         0
         0         0         0    0.0000         0         0         0         0         0         0
         0         0         0         0    0.0000         0         0         0         0         0
         0         0         0         0         0    0.0000         0         0         0         0
         0         0         0         0         0         0    0.0000         0         0         0
         0         0         0         0         0         0         0    0.0000         0         0
         0         0         0         0         0         0         0         0    0.0364         0
         0         0         0         0         0         0         0         0         0    0.3034
         0         0         0         0         0         0         0         0         0         0
         0         0         0         0         0         0         0         0         0         0

  Columns 11 through 12

         0         0
         0         0
         0         0
         0         0
         0         0
         0         0
         0         0
         0         0
         0         0
         0         0
    0.7141         0
         0    1.5443

diary off
