4/test/2.ppm matches image index 0
1.422980e+17
2.224276e+17
9.613633e+16
7.438050e+16
5.287568e+14
1.730109e+17
3.352706e+17
2.123535e+17
8.544066e+16
1.635179e+17
4.761403e+17
1.427159e+17
3.513139e+16
1.463855e+17
1.837670e+17
7.270554e+17
1.137040e+17
3.749066e+17
8.214810e+16
9.483066e+16
2.520108e+17
2.918748e+17
2.031101e+17
1.761200e+17
3.207069e+17
2.674876e+17
3.319330e+17
5.236562e+17
6.631655e+16
5.607796e+16
1.788552e+17
3.937665e+17
6.308174e+16
9.737032e+16
1.796008e+17
1.554074e+17
4.291899e+17
1.200408e+17
3.990948e+16
4.087202e+17
5.110098e+17
4.527342e+17
2.341419e+17
2.108021e+17
2.019149e+17
2.201329e+17
3.396176e+17
1.925407e+17
7.014566e+16
1.270277e+17
3.582968e+17
4.139405e+17
7.667577e+16
1.100481e+17
3.027555e+17
1.221088e+17
3.849379e+17
1.639229e+17
1.246942e+17
4.653012e+16
6.653973e+16
1.411262e+17
2.241151e+17
2.105244e+17
2.672245e+17
1.886666e+17
4.812955e+17
6.265235e+17
1.124262e+17
4.880416e+16
2.707664e+17
3.948516e+17
6.632619e+16
6.825492e+16
3.490738e+17
3.762848e+17
1.212980e+17
1.017428e+17
4.765415e+17
3.943597e+17
2.862722e+17
6.316823e+16
1.051240e+17
2.744085e+17
4.290230e+16
7.420696e+16
4.775860e+17
9.385766e+16
5.448121e+16
5.874078e+16
3.573088e+17
3.370195e+17
3.374941e+16
4.134841e+16
4.255911e+17
4.237337e+17
1.698729e+17
3.350197e+16
3.330454e+17
4.337934e+17
7.599726e+16
6.257500e+16
1.645861e+17
5.575017e+17
7.936721e+16
5.949478e+16
2.685276e+17
4.046674e+17
1.123001e+17
3.477442e+17
4.292779e+17
1.956408e+17
1.120952e+17
3.762570e+17
4.297521e+17
2.922263e+17
4/test/3.ppm matches image index 4
1.222133e+16
4.354106e+17
1.749409e+17
1.880264e+17
8.077048e+16
4.599105e+17
2.566722e+17
4.771695e+17
7.735302e+14
4.107510e+17
3.754000e+17
3.566434e+17
1.637324e+17
3.451265e+17
4.248027e+17
6.363145e+17
3.345414e+17
3.156866e+17
2.002783e+17
2.370649e+17
5.024359e+17
5.929310e+17
4.825196e+17
3.229412e+17
6.738964e+17
5.934904e+17
6.932062e+17
8.450343e+17
2.324983e+17
1.564774e+17
4.459979e+17
7.315268e+17
1.640373e+17
2.117823e+17
4.174990e+17
3.607945e+17
3.292447e+17
3.302451e+17
1.335797e+17
8.038427e+17
5.034385e+17
4.559441e+17
5.240637e+17
4.885734e+17
4.744218e+17
4.969949e+17
6.633045e+17
4.774528e+17
2.289586e+17
3.725317e+17
6.579213e+17
7.456886e+17
3.611843e+16
1.095100e+17
6.170395e+17
3.330212e+17
2.806633e+17
3.147384e+17
3.229230e+17
1.818706e+17
5.546357e+16
9.523128e+16
5.364118e+17
5.012234e+17
2.700292e+17
4.080912e+17
8.939002e+17
9.485583e+17
1.514429e+17
2.173793e+17
6.150594e+17
7.853804e+17
4.867265e+16
2.493905e+17
7.134788e+17
7.674509e+17
1.722786e+17
2.982976e+17
9.066769e+17
7.289139e+17
2.235414e+17
4.099953e+16
3.299810e+17
6.167381e+17
1.385701e+17
1.589851e+17
8.372828e+17
1.304424e+17
5.399625e+16
1.034490e+17
6.629628e+17
6.588233e+17
8.419158e+16
1.119065e+17
6.994664e+17
6.987170e+17
3.263453e+17
1.367248e+17
6.942231e+17
8.169052e+17
2.064128e+17
1.981071e+17
3.827732e+17
9.080678e+17
2.777429e+17
1.914196e+17
5.984664e+17
7.022069e+17
3.053658e+17
6.893752e+17
7.390921e+17
3.791749e+17
1.818229e+17
7.017516e+17
7.708778e+17
6.222538e+17
4/test/19.ppm matches image index 8

